SIZES
  nstack                1703936
  nbuffer               7456
  nplugin               0
  maxuse_stack          646
  maxuse_arena          38520
  maxuse_con            20
  maxuse_efc            80
  solver_iter           1
  solver_nnz            36
  nbodypair_broad       1
  nbodypair_narrow      1
  ngeompair_mid         1
  ngeompair_narrow      1
  ne                    0
  nf                    0
  nefc                  16
  nnzJ                  96
  ncon                  4

TIMER
    0:  duration =  0.17       number = 2
    1:  duration =  0.16       number = 2
    2:  duration =  0          number = 0
    3:  duration =  0.09       number = 2
    4:  duration =  0.017      number = 2
    5:  duration =  0.0038     number = 2
    6:  duration =  0.0032     number = 2
    7:  duration =  0.039      number = 2
    8:  duration =  0.013      number = 2
    9:  duration =  0.0066     number = 2
    10:  duration =  0.032      number = 2
    11:  duration =  0.036      number = 2
    12:  duration =  0.00074    number = 2

SOLVER STAT
  solver_iter = 1
  solver_nnz = 36
    0:  improvement =  0         gradient =  5.2e-16   lineslope =  0       
        nactive = 16   nchange = 0   neval = 2   nupdate = 0
solver_fwdinv =   0         0       

ENERGY =   0         0       

TIME =  37      

QPOS
  -1.1e-18 
   3.7e-18 
   0.025   
   1       
   1.9e-17 
   1.4e-18 
   6.8e-20 

QVEL
  -1.6e-20 
   1.8e-19 
   1.2e-16 
  -4.9e-18 
   1.6e-18 
  -1.3e-18 

QACC_WARMSTART
  -2.2e-18 
  -1.7e-18 
  -1.5e-17 
   1.4e-16 
  -1.3e-16 
  -1.2e-17 

CTRL
   0       
   0       
   0       
   0       

QFRC_APPLIED
   0       
   0       
   0       
   0       
   0       
   0       

XFRC_APPLIED
   0         0         0         0         0         0       
   0         0         0         0         0         0       

QACC
  -2.2e-18 
  -1.7e-18 
  -1.5e-17 
   1.4e-16 
  -1.3e-16 
  -1.2e-17 

XPOS
   0         0         0       
  -1.1e-18   3.7e-18   0.025   

XQUAT
   1         0         0         0       
   1         1.9e-17   1.4e-18   6.8e-20 

XMAT
   1         0         0         0         1         0         0         0         1       
   1        -1.4e-19   2.9e-18   1.4e-19   1        -3.9e-17  -2.9e-18   3.9e-17   1       

XIPOS
   0         0         0       
  -1.1e-18   3.6e-18   0.028   

XIMAT
   1         0         0         0         1         0         0         0         1       
   0         1.4e-19   1        -3.9e-17  -1         1.4e-19   1        -3.9e-17   0       

XANCHOR
  -1.1e-18   3.7e-18   0.025   

XAXIS
   0         0         1       

GEOM_XPOS
   0         0         0       
  -1.1e-18   3.7e-18   0.025   
   0.071     0.071     0.025   
   0.071    -0.071     0.025   
  -0.071    -0.071     0.025   
  -0.071     0.071     0.025   
   0.1       0.1       0.035   
   0.1      -0.1       0.035   
  -0.1      -0.1       0.035   
  -0.1       0.1       0.035   

GEOM_XMAT
   1         0         0         0         1         0         0         0         1       
   1        -1.4e-19   2.9e-18   1.4e-19   1        -3.9e-17  -2.9e-18   3.9e-17   1       
   0.71     -0.71      2.9e-18   0.71      0.71     -3.9e-17   2.5e-17   2.9e-17   1       
  -0.71     -0.71      2.9e-18   0.71     -0.71     -3.9e-17   3e-17    -2.5e-17   1       
  -0.71      0.71      2.9e-18  -0.71     -0.71     -3.9e-17  -2.5e-17  -2.9e-17   1       
   0.71      0.71      2.9e-18  -0.71      0.71     -3.9e-17  -3e-17     2.5e-17   1       
   1        -1.4e-19   2.9e-18   1.4e-19   1        -3.9e-17  -2.9e-18   3.9e-17   1       
   1        -1.4e-19   2.9e-18   1.4e-19   1        -3.9e-17  -2.9e-18   3.9e-17   1       
   1        -1.4e-19   2.9e-18   1.4e-19   1        -3.9e-17  -2.9e-18   3.9e-17   1       
   1        -1.4e-19   2.9e-18   1.4e-19   1        -3.9e-17  -2.9e-18   3.9e-17   1       

SITE_XPOS
   0.1       0.1       0.035   
   0.1      -0.1       0.035   
  -0.1      -0.1       0.035   
  -0.1       0.1       0.035   
   0.1       3.7e-18   0.025   
  -1.1e-18   0.1       0.025   
  -7.9e-19  -1.5e-19   0.12    

SITE_XMAT
   1        -1.4e-19   2.9e-18   1.4e-19   1        -3.9e-17  -2.9e-18   3.9e-17   1       
   1        -1.4e-19   2.9e-18   1.4e-19   1        -3.9e-17  -2.9e-18   3.9e-17   1       
   1        -1.4e-19   2.9e-18   1.4e-19   1        -3.9e-17  -2.9e-18   3.9e-17   1       
   1        -1.4e-19   2.9e-18   1.4e-19   1        -3.9e-17  -2.9e-18   3.9e-17   1       
   1        -1.4e-19   2.9e-18   1.4e-19   1        -3.9e-17  -2.9e-18   3.9e-17   1       
   0        -1         2.9e-18   1         0        -3.9e-17   3.9e-17   2.9e-18   1       
  -1.9e-34  -1.4e-19  -1        -3.9e-17   1        -1.4e-19   1         3.9e-17   1.9e-34 

SUBTREE_COM
  -1.1e-18   3.6e-18   0.028   
  -1.1e-18   3.6e-18   0.028   

CDOF
   0         0         0         1         0         0       
   0         0         0         0         1         0       
   0         0         0         0         0         1       
   1         1.4e-19  -2.9e-18   4.6e-22  -0.0033   -1.3e-19 
  -1.4e-19   1         3.9e-17   0.0033    4.6e-22  -9.6e-21 
   2.9e-18  -3.9e-17   1        -2.4e-34   1.7e-35   1.3e-51 

CINERT
   0         0         0         0         0         0         0         0         0         0       
   0.0017    0.0018    0.0034   -1.1e-23  -9.3e-39  -6.3e-20   0         0         0         0.3     

ACTUATOR_LENGTH
   0       
   0       
   0       
   0       

ACTUATOR_MOMENT
   2.9e-18  -3.9e-17   1         0.1      -0.1      -0.1     
   2.9e-18  -3.9e-17   1        -0.1      -0.1       0.1     
   2.9e-18  -3.9e-17   1        -0.1       0.1      -0.1     
   2.9e-18  -3.9e-17   1         0.1       0.1       0.1     

CRB
   0         0         0         0         0         0         0         0         0         0       
   0.0017    0.0018    0.0034   -1.1e-23  -9.3e-39  -6.3e-20   0         0         0         0.3     

QM
   0.3       0         0         1.4e-22   0.001    -7.2e-35 
   0         0.3       0        -0.001     1.4e-22   5e-36   
   0         0         0.3      -3.9e-20  -2.9e-21   3.9e-52 
   1.4e-22  -0.001    -3.9e-20   0.0017   -2.8e-38  -4.9e-21 
   0.001     1.4e-22  -2.9e-21  -2.8e-38   0.0018    2.3e-57 
  -7.2e-35   5e-36     3.9e-52  -4.9e-21   2.3e-57   0.0034  

QLD
   0.3       1.2e-23   5.5e-21   8.1e-20   0.57     -2.1e-32 
   1.2e-23   0.3      -7.7e-20  -0.59      7.8e-20   1.5e-33 
   5.5e-21  -7.7e-20   0.3      -2.3e-17  -1.6e-18   1.1e-49 
   8.1e-20  -0.59     -2.3e-17   0.0017   -1.6e-35  -1.5e-18 
   0.57      7.8e-20  -1.6e-18  -1.6e-35   0.0018    6.7e-55 
  -2.1e-32   1.5e-33   1.1e-49  -1.5e-18   6.7e-55   0.0034  

QLDIAGINV
   3.3     
   3.3     
   3.3     
   5.9e+02 
   5.7e+02 
   3e+02   

QLDIAGSQRTINV
   1.8     
   1.8     
   1.8     
   24      
   24      
   17      

D_rownnz              6 6 6 6 6 6

D_rowadr              0 6 12 18 24 30

D_colind              0 1 2 3 4 5 0 1 2 3 4 5 0 1 2 3 4 5 0 1 2 3 4 5 0 1 2 3 4 5 0 1 2 3 4 5

B_rownnz              6 6

B_rowadr              0 6

B_colind              0 1 2 3 4 5 0 1 2 3 4 5

QDERIV
   0         0         0         0         0         0       
   0         0         0         0         0         0       
   0         0         0         0         0         0       
   0         0         0         0         0         0       
   0         0         0         0         0         0       
   0         0         0         0         0         0       

QLU
   0         0         0         0         0         0       
   0         0         0         0         0         0       
   0         0         0         0         0         0       
   0         0         0         0         0         0       
   0         0         0         0         0         0       
   0         0         0         0         0         0       

CONTACT
  0:
     dim           3
     geom          floor  core
     exclude       0
     efc_address   0
     solref         0.02      1       
     solimp         0.9       0.95      0.001     0.5       2       
     dist          -0.00011 
     includemargin  0       
     pos           -0.06     -0.035    -5.4e-05 
     frame          0         0         1         0         1         0        -1         0         0       
     friction       1         1         0.005     0.0001    0.0001  
     mu             1       
  1:
     dim           3
     geom          floor  core
     exclude       0
     efc_address   4
     solref         0.02      1       
     solimp         0.9       0.95      0.001     0.5       2       
     dist          -0.00011 
     includemargin  0       
     pos            0.06     -0.035    -5.4e-05 
     frame          0         0         1         0         1         0        -1         0         0       
     friction       1         1         0.005     0.0001    0.0001  
     mu             1       
  2:
     dim           3
     geom          floor  core
     exclude       0
     efc_address   8
     solref         0.02      1       
     solimp         0.9       0.95      0.001     0.5       2       
     dist          -0.00011 
     includemargin  0       
     pos           -0.06      0.035    -5.4e-05 
     frame          0         0         1         0         1         0        -1         0         0       
     friction       1         1         0.005     0.0001    0.0001  
     mu             1       
  3:
     dim           3
     geom          floor  core
     exclude       0
     efc_address   12
     solref         0.02      1       
     solimp         0.9       0.95      0.001     0.5       2       
     dist          -0.00011 
     includemargin  0       
     pos            0.06      0.035    -5.4e-05 
     frame          0         0         1         0         1         0        -1         0         0       
     friction       1         1         0.005     0.0001    0.0001  
     mu             1       

EFC_TYPE
  6
  6
  6
  6
  6
  6
  6
  6
  6
  6
  6
  6
  6
  6
  6
  6

EFC_ID
  0
  0
  0
  0
  1
  1
  1
  1
  2
  2
  2
  2
  3
  3
  3
  3

EFC_J
   0         1         1        -0.01      0.06     -0.06    
   0        -1         1        -0.06      0.06      0.06    
  -1         0         1        -0.035     0.085    -0.035   
   1         0         1        -0.035     0.035     0.035   
   0         1         1        -0.01     -0.06      0.06    
   0        -1         1        -0.06     -0.06     -0.06    
  -1         0         1        -0.035    -0.035    -0.035   
   1         0         1        -0.035    -0.085     0.035   
   0         1         1         0.06      0.06     -0.06    
   0        -1         1         0.01      0.06      0.06    
  -1         0         1         0.035     0.085     0.035   
   1         0         1         0.035     0.035    -0.035   
   0         1         1         0.06     -0.06      0.06    
   0        -1         1         0.01     -0.06     -0.06    
  -1         0         1         0.035    -0.035     0.035   
   1         0         1         0.035    -0.085    -0.035   

EFC_POS
  -0.00011 
  -0.00011 
  -0.00011 
  -0.00011 
  -0.00011 
  -0.00011 
  -0.00011 
  -0.00011 
  -0.00011 
  -0.00011 
  -0.00011 
  -0.00011 
  -0.00011 
  -0.00011 
  -0.00011 
  -0.00011 

EFC_MARGIN
   0       
   0       
   0       
   0       
   0       
   0       
   0       
   0       
   0       
   0       
   0       
   0       
   0       
   0       
   0       
   0       

EFC_FRICTIONLOSS
   0       
   0       
   0       
   0       
   0       
   0       
   0       
   0       
   0       
   0       
   0       
   0       
   0       
   0       
   0       
   0       

EFC_DIAGAPPROX
   13      
   13      
   13      
   13      
   13      
   13      
   13      
   13      
   13      
   13      
   13      
   13      
   13      
   13      
   13      
   13      

EFC_KBIP
   2.8e+03   1.1e+02   0.9      -22      
   2.8e+03   1.1e+02   0.9      -22      
   2.8e+03   1.1e+02   0.9      -22      
   2.8e+03   1.1e+02   0.9      -22      
   2.8e+03   1.1e+02   0.9      -22      
   2.8e+03   1.1e+02   0.9      -22      
   2.8e+03   1.1e+02   0.9      -22      
   2.8e+03   1.1e+02   0.9      -22      
   2.8e+03   1.1e+02   0.9      -22      
   2.8e+03   1.1e+02   0.9      -22      
   2.8e+03   1.1e+02   0.9      -22      
   2.8e+03   1.1e+02   0.9      -22      
   2.8e+03   1.1e+02   0.9      -22      
   2.8e+03   1.1e+02   0.9      -22      
   2.8e+03   1.1e+02   0.9      -22      
   2.8e+03   1.1e+02   0.9      -22      

EFC_D
   0.68    
   0.68    
   0.68    
   0.68    
   0.68    
   0.68    
   0.68    
   0.68    
   0.68    
   0.68    
   0.68    
   0.68    
   0.68    
   0.68    
   0.68    
   0.68    

EFC_R
   1.5     
   1.5     
   1.5     
   1.5     
   1.5     
   1.5     
   1.5     
   1.5     
   1.5     
   1.5     
   1.5     
   1.5     
   1.5     
   1.5     
   1.5     
   1.5     

ACTUATOR_VELOCITY
   1.2e-16 
   1.2e-16 
   1.2e-16 
   1.2e-16 

CVEL
   0         0         0         0         0         0       
  -6.3e-18   2.9e-18  -1.1e-18   1.6e-20   2.2e-19   1.2e-16 

CDOF_DOT
   0         0         0         0         0         0       
   0         0         0         0         0         0       
   0         0         0         0         0         0       
  -0         0         0        -1.7e-35   1.2e-16  -2e-19   
   0        -0         0        -1.2e-16  -1.6e-35   6.5e-21 
   0         0        -0         2e-19    -6.5e-21  -8.3e-37 

QFRC_BIAS
   7.2e-39 
  -3.3e-39 
   2.9     
  -3.8e-19 
  -2.8e-20 
  -1.4e-39 

QFRC_PASSIVE
  -2.8e-25 
  -3.8e-24 
  -2.1e-21 
   1.3e-24 
  -5.7e-25 
   2.3e-25 

EFC_VEL
   1.2e-16 
   1.2e-16 
   1.2e-16 
   1.2e-16 
   1.2e-16 
   1.2e-16 
   1.2e-16 
   1.2e-16 
   1.2e-16 
   1.2e-16 
   1.2e-16 
   1.2e-16 
   1.2e-16 
   1.2e-16 
   1.2e-16 
   1.2e-16 

EFC_AREF
   0.27    
   0.27    
   0.27    
   0.27    
   0.27    
   0.27    
   0.27    
   0.27    
   0.27    
   0.27    
   0.27    
   0.27    
   0.27    
   0.27    
   0.27    
   0.27    

SUBTREE_LINVEL
   0         0         0       
   0         0         0       

SUBTREE_ANGMOM
   0         0         0       
   0         0         0       

ACTUATOR_FORCE
   0       
   0       
   0       
   0       

QFRC_ACTUATOR
   0       
   0       
   0       
   0       
   0       
   0       

QFRC_SMOOTH
  -2.8e-25 
  -3.8e-24 
  -2.9     
   3.8e-19 
   2.8e-20 
   2.3e-25 

QACC_SMOOTH
   1.5e-25 
  -1e-23   
  -9.8     
   7.4e-22 
  -3.2e-22 
   6.7e-23 

EFC_B
  -10      
  -10      
  -10      
  -10      
  -10      
  -10      
  -10      
  -10      
  -10      
  -10      
  -10      
  -10      
  -10      
  -10      
  -10      
  -10      

EFC_FORCE
   0.18    
   0.18    
   0.18    
   0.18    
   0.18    
   0.18    
   0.18    
   0.18    
   0.18    
   0.18    
   0.18    
   0.18    
   0.18    
   0.18    
   0.18    
   0.18    

EFC_STATE
  1
  1
  1
  1
  1
  1
  1
  1
  1
  1
  1
  1
  1
  1
  1
  1

QFRC_CONSTRAINT
   1.1e-16 
  -1.1e-16 
   2.9     
   1e-17   
  -1e-17   
   1e-17   

QFRC_INVERSE
   0       
   0       
   0       
   0       
   0       
   0       

CACC
   0         0         0         0         0         0       
   0         0         0         0         0         0       

CFRC_INT
   0         0         0         0         0         0       
   0         0         0         0         0         0       

CFRC_EXT
   0         0         0         0         0         0       
   0         0         0         0         0         0       

